1.0017744850581047
1.7236617229045026
1.2603312699333562
1.4750553580070092
1.2671265700083587
1.330356569791075
1.312839894073426
1.2717253421566843
1.2726124265971375
1.0712877862840016
1.209836482007294
1.3030112789667774
1.2581161029955614
1.3448881963346866
1.252944179821026
1.2765975477789129
1.2272946741822222
1.090281993307946
1.079163350816882
1.0712644926146488
1.0686974612658755
0.9549213519950253
0.5928918666928644
0.659846799058281
0.44551303435376005
0.4510106316912203
0.47054505264310015
0.37043880219224773
0.4826818922576631
0.3560105397492525
0.2974460600456923
0.3607080643555322
0.36565301666548145
0.36271653894396466
0.3273545531708788
0.3034421825017589
0.4016225851269901
0.33648189745054674
0.2795913407605715
0.24341454935992407
0.2035447374953082
0.24349554064831813
0.20540743258638686
0.216021557998333
0.19124993314285496
0.2168285970091288
0.23021132493816043
0.1984106934019894
0.21188542797752583
0.18483711541633607
1.690103844886147
0.9501229505488594
0.8326774013151629
0.7475737851080183
0.6177928911518554
0.5442180038209637
0.5325664698362715
0.438058267700533
0.4252472795599682
0.39366822377865573
0.3656598811686988
0.3325285395068043
0.38434859883618744
0.29831346736121955
0.2819903507612425
0.26424362496684795
0.2968267958869054
0.3687022556226762
0.3911358410413618
0.2606162909915464
0.3431839815503097
0.26095819884656696
0.30084877998096043
0.21599624037288911
0.211194526271483
0.31926436324497176
0.2527413021424942
0.23736997286225808
0.23389140720934612
0.2276491100818916
0.18777079852808773
0.24132075012656468
0.23315140504821172
0.22775201793234945
0.21796260982974636
0.19754294246497547
0.1925303115542874
0.2365767989154212
0.21956532203649615
0.15681596277889728
0.16263730549771374
0.23334198263085157
0.16513175951778994
0.20516891112274302
0.16896286655239112
0.14970330914719723
0.19380139637930605
0.11788238567378526
0.1695143278399788
0.09938688038232896
1.018551509350863
1.088496702714332
0.8536181720883824
0.8265038433688447
0.7208037422795982
0.6637482999288413
0.6897983303276632
0.6878997588190623
0.561392823791606
0.7351360027532996
0.5305313398024816
0.4754934564856263
0.4080965499185754
0.4875126835992433
0.6000088024253195
0.586464520866836
0.6030427310271854
0.4337082694099103
0.45380114769632585
0.4537460037847032
0.34465635834586494
0.3946672773720587
0.3790084362134922
0.36082383338258567
0.28214407226666227
0.32566455100949393
0.22503773350646317
0.23192089452381215
0.28757425250962915
0.22112711976471863
0.19221025367923236
0.1817004219158985
0.15504725656204477
0.13060184018933296
0.12844527428265007
0.17881154049020118
0.15589238461541075
0.11535769050516612
0.07250478951349087
0.07494689723692555
0.12016609285045893
0.0859614511482264
0.14743605497917586
0.19793230038897452
0.11019641621586519
0.11573183829179381
0.11283888098849916
0.12388747656630933
0.08110508890974374
0.06551924396571769
1.024805324339335
1.715531972374062
1.62355485223377
1.464850503951311
1.4281102209515908
0.77646683922899
0.7205858702240131
0.7156919432907394
0.6245858746641083
0.6329213869749342
0.7039394349374812
0.5960477615751466
0.5209389715904145
0.5839204082482344
0.6060292793065967
0.500014811893466
0.529985429360774
0.45845857888872016
0.5059075193602299
0.39018789330126746
0.4695292912867392
0.34611655607567315
0.31284746871032
0.39555726441411493
0.30843242159561995
0.2749163343558107
0.22752768740165585
0.25564445840156713
0.30244026069879143
0.24984197671075534
0.21657320885531842
0.2477945760270115
0.1953951605860091
0.1980316970276077
0.2963028388290944
0.2461270210657775
0.23489160038895363
0.1856924356609996
0.17694582404991366
0.20920679472035847
0.1854643579181886
0.2104803369487669
0.18891335910867638
0.21127195018499706
0.19927739228716082
0.15769291631746157
0.15219045152486627
0.12803877654701482
0.16738167686870953
0.1508334342958519
1.9378897656231948
1.0158814904751894
0.750513120515637
0.6870269374844443
0.629064894115812
0.5587831482348181
0.41130070596398455
0.27025822770216384
0.326489004039252
0.30563373452252945
0.16086914745589467
0.27224129244920225
0.23411779831732016
0.166554855942561
0.10631456902238094
0.20926285231696012
0.16392357381869196
0.22157382700326586
0.17131950666681717
0.11821882233933055
0.1783178750329003
0.04212532311785673
0.15193036153217387
0.14786917378508282
0.11059112886092345
0.14687607152898294
0.12341519371408731
0.10818603841951609
0.08527760012324875
0.1012481942675576
0.0937741456949313
0.10268193915111397
0.0635345984802661
0.05470859471949543
0.0667179603001635
0.09785056471299507
0.08009173924469001
0.04729401668512975
0.0663582700032219
0.10345893858953305
0.05977864774113087
0.07070492977116591
0.08505133995564072
0.07429332657291637
0.061620906947225496
0.05686102140178173
0.04830674462481809
0.06047554209403131
0.07331120931704349
0.06101200342644957
0.002407064688565742
1.0996854228756492
0.8230680241467649
0.7558732830696738
0.6135184053057936
0.6939061699205976
0.5469307302801826
0.5583840239929264
0.5830213616005746
0.5173125627576013
0.5496711610711688
0.5353468780152627
0.5427821855783569
0.5374429505968704
0.5206770205217884
0.48000651883048634
0.4969606589007187
0.5876255725511819
0.5341623813684337
0.6003793865034702
0.5049871890419548
0.4711380156690222
0.4774569304672533
0.5267676999746336
0.476544046592602
0.4389347584315916
0.5138116217192088
0.4355159750972831
0.5848757611262385
0.5032946490845842
0.5576018064679473
0.5873851644901746
0.4649283410745931
0.4870158474225576
0.40330698028307865
0.4715173628930722
0.5310165472970186
0.4402794432079498
0.4969969400435332
0.5061928795039404
0.4255897637135342
0.4198191963465274
0.5256139981521099
0.4077972774745195
0.44306381465771194
0.5559344124432615
0.4338879261284324
0.5046178796261528
0.5728223613257923
0.4847131712513454
0.9902715358474562
0.9384325545922994
0.8621353513032517
0.7772731188911834
0.7440210764342531
0.6503059122089124
0.6767450965028458
0.7091367747492694
0.628426856679374
0.7942624510044349
0.5232692336936013
0.6024355868405927
0.5258177201773271
0.5874309311125411
0.638467553102476
0.5924592388002765
0.48282811199383324
0.6066113370084255
0.528376101334614
0.4785689831093686
0.685798525591328
0.5855971786133634
0.6445868554167967
0.5193868181923282
0.5695143077952093
0.523250551380227
0.5397380015041995
0.5286043393463817
0.5493327756350781
0.46396436465754265
0.5443975238191447
0.4793939056872413
0.47200801682168847
0.4227777668945009
0.5230877781384256
0.5682760209814596
0.5542855642718925
0.5037017989130298
0.47543132472538135
0.5808538209800826
0.4737560341204793
0.5394615797477178
0.5408049245828715
0.5109629874113598
0.5829011580948423
0.4362239769784532
0.4874496514760698
0.5402257826751544
0.41128984384501505
0.5244713032405118
2.5552340404626905
1.1071423637736395
0.8961314221355725
0.7873781076250544
0.8426686220747527
0.5714780237839513
0.6027536656255859
0.501490142074031
0.5302003529786294
0.5554629613430904
0.46482992665156664
0.4427636683019644
0.46234665006554
0.2616079976515826
0.2976400773984665
0.31268172024900337
0.27235260391346494
0.24640902581586233
0.17109423540959345
0.24368976052032096
0.25970178681240913
0.24745856645414077
0.2308461477274285
0.1797352673294147
0.14480914964173944
0.27330909266442327
0.18886211702790606
0.18737163847546293
0.16897004979565305
0.185099253385635
0.18964865182218532
0.21069153188358258
0.14145745203431473
0.2123435509703237
0.2457637481165303
0.22986254341317686
0.1043075131666387
0.24513038444249985
0.12469908752836774
0.14891214984492343
0.1393936130881904
0.12386775910784255
0.15500478321329905
0.18705144040326435
0.0927342071710485
0.16193724676774562
0.18484879286807362
0.10768983092689383
0.16198865475213892
0.1281041443692996
2.775354964126857
1.411295965823684
0.9746767964292201
0.9185621489422354
0.8234972877821518
0.7366381970358815
0.7539875926539485
0.8236453791692021
0.7122697325438468
0.7453992003590686
0.6585484532727783
0.688677860289138
0.7119969704031648
0.6503889416446291
0.6696190593741567
0.6453911279745106
0.7354727784033969
0.6915865293847085
0.600365003505392
0.6070928076764046
0.6763312725733169
0.5351446141336819
0.5898858039496665
0.6197034948963097
0.6144145351211464
0.49540947372555627
0.5928680428401586
0.46348362217687716
0.4878229105035182
0.5799910182171515
0.5438977032168753
0.5976830456246827
0.5352325260681178
0.5679330245137318
0.601199534544429
0.5509265777758416
0.5603343088578346
0.35856579338004657
0.48065677847680655
0.4303980666103233
0.5025316782935748
0.4994119610136209
0.4529360580738372
0.29774784941161736
0.47633130932350454
0.5360952526377915
0.425739953218901
0.31078815712681146
0.35787615399349504
0.4439113060168583
3.6729199615240984
1.4288405199538692
1.0336397843852154
0.9729194736060828
0.9501777308106552
0.9221034311839563
0.897613926307643
0.7974917658329342
0.8318033461850003
0.8274670913922858
0.7880558133305366
0.8799158726291196
0.7633197998926766
0.8243191153834126
0.8053406963253292
0.8005327147011849
0.7226226775653671
0.7560178872018685
0.7562407261120644
0.7685631822748179
0.7504768485526081
0.8422604332374496
0.7735339606112546
0.8022463630970508
0.7845491977851625
0.737828816912866
0.7175905177089197
0.6645680563518712
0.6825292585289934
0.6488042245768902
0.6512691905682679
0.653531402731724
0.6736778188637536
0.5834644189773391
0.6444991190710693
0.6279878354606538
0.6459550535711316
0.5825367586972131
0.6128972891825625
0.4816587836737328
0.4399187617899741
0.42522980099367474
0.4432574892160509
0.5559561615915338
0.3573133594503682
0.3095147458722911
0.3104244864050405
0.3268218295564775
0.42950657964070243
0.38262763324134524
2.170451836476051
1.6893611790796896
1.352559177504999
1.372291046122614
1.4570382601493146
1.23797855611177
1.142225615138186
0.7531703138040888
0.8161431125148081
0.6802028533892753
0.6577915410232056
0.5251890826767556
0.5284661839913416
0.5100124836872244
0.3895666361762499
0.4185454680950605
0.5040239852939327
0.34583178048568286
0.3957882720512467
0.3538759677711415
0.3880134069653088
0.3876773818523426
0.24350149333531274
0.37153948905162637
0.35057861701432036
0.2962881788032909
0.38616303755334624
0.3199587740791497
0.251979978952684
0.32120311542718016
0.29041882976485023
0.37778828083063265
0.29260041775355555
0.28010275631449744
0.2990333688029432
0.30934986647026574
0.30943426627740556
0.281572246481065
0.286416558468448
0.19990173004635764
0.24758386447090597
0.3037351255861068
0.2607365197873641
0.2925660338985449
0.2369491204148306
0.14820965571216188
0.2277067268263992
0.15214743295657984
0.15109381106790204
0.2155502745004244
1.9182637483993767
1.0066854704189157
0.6951134333370672
0.7415287995413717
0.7438562301784905
0.621096028400033
0.5751386672442768
0.591214142135671
0.5606441742507315
0.6376837500247728
0.5030412503408221
0.5691231576121362
0.44726187036875137
0.5409430837151674
0.5047931250808828
0.5239971708640939
0.544349265825642
0.5154915234059928
0.49614285493995736
0.39225738952176914
0.4847038716251614
0.3806243367830996
0.3148074505596084
0.43858511911835635
0.35408269040119533
0.3639584100146402
0.3067031293947374
0.3549358163134819
0.3105880632210856
0.34359843802756407
0.2213514599890074
0.30461840657224715
0.1662556345996871
0.23145894249475593
0.21681064722850776
0.24530087563418207
0.1691330828551686
0.16244854535335637
0.2612570550357118
0.21273373315195696
0.24690169889504218
0.1677327491856991
0.16707610251440694
0.15576306550191213
0.14778321501536548
0.1842545992535632
0.07834507790723239
0.07860262482760359
0.07541970330825061
0.11250488506827555
1.8251699587995944
1.1262464766700666
0.9852143185383905
0.8105345300659423
0.797016487185861
0.8733841467053035
0.554649159891799
0.5879306027390575
0.6435419725456895
0.5071828679850111
0.4382587284675227
0.5786445387987746
0.37257751399131583
0.3744408666684568
0.5058667872943726
0.4338646376437568
0.39135519806617114
0.3937734926648669
0.38809775845979694
0.33204027651808965
0.3113852929029593
0.416152770684409
0.37735645526623
0.33965149423279556
0.3338664901178236
0.2532260569572792
0.41356345409417
0.29211855427902533
0.3471927054182757
0.42891826913586295
0.3791354604920646
0.31201307879093004
0.35928538595789894
0.36050272467236205
0.33976865342696455
0.2773159139838289
0.3908433010772914
0.36259486379924694
0.2747322530430411
0.2890513669791196
0.2783642185638534
0.27145293143654853
0.28001305637112517
0.3040609861610971
0.22196476667943646
0.3284417433132859
0.30820190976368056
0.30436255037257104
0.2804187763595067
0.23592768048085289
1.988086428722097
1.3712024737093982
0.7993450969828853
0.6025586830202933
0.6147259278768581
0.5599628248411195
0.4696666903476108
0.42924709373346637
0.419256158930062
0.2779842604711842
0.4144214864083494
0.3298260792540609
0.31008486090048565
0.30178630886935687
0.2356860548541895
0.3050825483540977
0.24485317123928005
0.22041147640570355
0.2891852803553832
0.24034628046006815
0.25216940596953114
0.2699661805118165
0.19383777272976765
0.25548023595329666
0.25060855475288885
0.22422781044682846
0.20675838646676736
0.2059279646271427
0.15839794822461412
0.17825696275158628
0.1969195090154433
0.10486766578534526
0.13608118853696646
0.16369135827416298
0.11418962935146167
0.12678995770803447
0.12806771464645625
0.16614042383835875
0.1294226109751942
0.13208296538271247
0.08327107373363965
0.15927888705284698
0.12537392565201821
0.17501035070320387
0.12711183125471423
0.15027146390342389
0.1028016811162179
0.1587353040073207
0.14505943759785767
0.11277017851043462
2.025360008541575
1.0574084594888002
0.8802581808203542
0.7462247712544829
0.6074871844916729
0.4462150478773067
0.4330318159223232
0.46796970058464354
0.33199755930811775
0.382260661160959
0.31426058683878855
0.40183474490323007
0.3094688736721779
0.2809698498521815
0.28074494188122384
0.20484674717086993
0.3057923853162206
0.1949514749337928
0.20765237828906868
0.20554414670257126
0.1772390033143487
0.24028222220730516
0.17721243711943707
0.2325938561118295
0.23577037527835912
0.14735545288713303
0.19444594622988753
0.14764934386902642
0.09717565490059961
0.20544870981141186
0.130796294339924
0.12784253735543455
0.06608955388406745
0.0817412502192138
0.10740021482176894
0.1375284024933037
0.16036884947031194
0.1428478378729906
0.11173489767628204
0.08273027704307466
0.12171755164816216
0.10882646155616062
0.11109723530477605
0.1330199700119119
0.13158518234018787
0.08946038231515194
0.10073611480462415
0.0720416017850859
0.1311466660627551
0.12291138877004851
1.523829593905288
1.6633094970313689
1.3247867234926125
1.2587671583675781
1.168407128402349
1.278271580482631
1.305715402146307
1.1546867422754925
0.8822883747051793
0.5271238479219936
0.5813747480303361
0.6236337270759346
0.5468947059066587
0.5182571986003414
0.4403319865961342
0.40842036512398167
0.4350100921066074
0.4188399257302077
0.4585122568770012
0.39497880224678383
0.21735548390249604
0.3422222819917126
0.28299128267260687
0.36838695494172014
0.3730019875974642
0.2804467240795265
0.22532487787672664
0.31778094703570814
0.3611637420717372
0.2871777000333935
0.3194710208487093
0.3627791776969763
0.24633969849484166
0.20763258766112316
0.2982385655154491
0.2607641959834228
0.2675069065805097
0.3175162893978704
0.37072014396186026
0.2458715971795398
0.2839425708974427
0.20333201020160754
0.2814814124450054
0.2340450561395121
0.22924205341574894
0.2592613021722232
0.22353167614242472
0.2628358336879971
0.3395502067236775
0.24922208611023466
2.99947974721131
1.601540197492577
1.2724870660745473
1.191805260094041
0.6747301948149098
0.6489490003643913
0.7188494440269111
0.62487408607998
0.6897038818285732
0.6246709664065596
0.5794175215970141
0.6538453602744725
0.5494017673920674
0.4628361619054133
0.6209096349892067
0.5226526927543034
0.3982657989439761
0.3893004963521296
0.5024302137939567
0.46072050865432834
0.43811010220335406
0.434947001501637
0.46663468368145056
0.3883952096256258
0.368030016918502
0.3759876766957471
0.3606151211625923
0.3365835222521795
0.3998314819089004
0.23629452400375942
0.3615967659896788
0.31286570365148636
0.41928842297148833
0.37437655716626805
0.3472267008572176
0.40811489171709375
0.28964491971267853
0.38145010786310285
0.3064466544401442
0.3464531335364464
0.25252247444342435
0.377849172131087
0.2971364689845711
0.31064156892566386
0.3367292079368637
0.28726658332655036
0.30350311362424987
0.22926356275791207
0.29875587781590796
0.21518754459502823
1.8529011633163626
1.898353750832856
1.3490506594589764
1.3818539665745748
1.0156901286935895
0.7645438656523562
0.7175287579045224
0.7109856593162418
0.6489339337727447
0.6663337332788043
0.6749221511692376
0.6440148433293952
0.5472629349827508
0.7141607276589101
0.5036101679960376
0.6400795607667663
0.6792347370304546
0.5353515832888519
0.622536433273836
0.6307606392047145
0.5861058683156548
0.5390813574445237
0.5964109673103956
0.6067714549774079
0.570001158587012
0.572838851030866
0.5932887498647486
0.5060311226966566
0.5209465967925935
0.42310311002395357
0.42005992647300383
0.5325186491593223
0.4999911943619213
0.47340920552636384
0.5362088866095366
0.5837531699693217
0.5197362668759913
0.6611720227554503
0.5268970861592875
0.5629402059706523
0.5152040568374783
0.5850708228978805
0.47166446459662686
0.5427148026975253
0.47480837525753605
0.6117877281065918
0.5386769946874004
0.4600752926222135
0.4863329998811825
0.5732329899749852
1.7935901117457909
1.0155449127667948
0.8642666694503329
0.7174404514361191
0.6926300712006431
0.6688584457798222
0.5143234887583044
0.5162051221440632
0.4998422051169745
0.5518424784232411
0.5176449324483299
0.380369438746829
0.4190284171392273
0.39345246699865155
0.33511836304796083
0.39673806594695454
0.3125445102803385
0.2814228480735659
0.3329302255571999
0.2914094611619166
0.35493565801886784
0.2727097495196212
0.2835276393229935
0.3075401434235151
0.28780265226938107
0.2883139220361124
0.3181073637648229
0.3802950626011438
0.4340242409310022
0.2893404788760018
0.3191730263762423
0.25481518610828247
0.3108403661161643
0.31393269419896214
0.32678498998744837
0.2041360764327562
0.3366131725672847
0.26372865464889655
0.3394679319887784
0.22522600278290247
0.3290659664642695
0.29278042874723675
0.3136044464510856
0.303153310746954
0.2407101054184156
0.2785561337866462
0.25086351973777554
0.3229974683266215
0.22099388412732787
0.2888162609729817
1.3020139064867702
1.2001179021871173
0.9987271431388274
0.9435064354033941
0.8807166729432643
0.8383462154020153
0.7531862721010674
0.8687749954441633
0.639065487019748
0.6751314419996352
0.6752559888052637
0.6847969191923083
0.6202225493864806
0.5323012334446389
0.6127711515389717
0.6089116683514397
0.5042073714689801
0.7886548743902803
0.6364783582282031
0.4992800026702002
0.5761854796841341
0.5021593383108645
0.5314263940829741
0.5693689891814155
0.5501381675417097
0.5030830541180434
0.5521657483628097
0.5687640839145655
0.4615966831858904
0.5408114752735035
0.5010505682066161
0.4005698491200157
0.35711543146956465
0.3343954100672208
0.2892103002407625
0.2909560823934479
0.3495060081189284
0.2483153706405762
0.25585273414528087
0.22637118349016283
0.2101140322115233
0.2925887270976885
0.17082280463473076
0.2818394656509663
0.18805555975785587
0.17145223478929947
0.16743918359674276
0.14044537597719892
0.1925205297337152
0.23329580392137253
0.9934020150694471
1.1007890926518349
0.9934297708592876
1.0096406432168925
0.9742035254300793
0.8575524446222151
0.909292422910998
0.8332888176464092
0.846752651088882
0.8379416597353178
0.869455367454657
0.8327913058438235
0.7550201583605402
0.629104746608095
0.7416170869150648
0.665670551896157
0.685251367196577
0.6388226850830744
0.5301862095544765
0.5836142445902375
0.4709332493512301
0.5380537874546154
0.501028994765624
0.651034164250333
0.5129019055021297
0.5153356649273323
0.3456185093417777
0.44452220457332553
0.4190841607078919
0.4885822567194547
0.42293910107450267
0.5297030360295287
0.40995036320292
0.4444623931661043
0.4450192877536305
0.4447819823802682
0.35547196236821954
0.3471682564571059
0.4014276768913927
0.41883468400868024
0.4403295116585682
0.37423223682544104
0.3769777926688826
0.4968504737458058
0.3929876506404446
0.4170336251781729
0.37387228819683826
0.41788521422734526
0.3812045118663176
0.4312455935424289
2.8442227919834604
1.0662987697405
0.7255841733377398
0.6768908338134706
0.5412964838418393
0.6247886756833565
0.4649203804700052
0.5144177663605508
0.38490874207242853
0.34344681349272355
0.33393170495112673
0.33348611075791096
0.3627265054774805
0.398542624961677
0.2882647208731464
0.27071320831577816
0.29973507115741366
0.2633615361416073
0.25263371115347266
0.27334512829279445
0.25745961898346753
0.2757991923008367
0.21742098918706518
0.2399398621602273
0.203273430626928
0.19894455419097531
0.19541927138203938
0.1771424737490735
0.21048901304036707
0.23347230894607982
0.16105486288656354
0.219136479521149
0.11373887548770396
0.17560595235010423
0.22552471051960207
0.20397878854356302
0.15742804332653015
0.1838923118594321
0.17522360348217034
0.18423402926831386
0.14563329841470585
0.1077424405678479
0.06808078698944225
0.11592655607895569
0.09955692992171279
0.10638897787275688
0.19518904482394803
0.15601808984827112
0.10258619164388356
0.12649140591722635
2.2967287074686062
1.0651992223789446
0.8738862039283191
0.8252357407148945
0.7029747097487631
0.7223583319265531
0.5829016416985862
0.5642759390335444
0.6469037155493844
0.6014603705384838
0.5464542843076095
0.5429154650604043
0.4815443576443409
0.5468794773251835
0.6057183791017061
0.5416434815768832
0.5735761121103371
0.49971775052586664
0.4733841628599316
0.540909233672307
0.5256234094403485
0.514276375177045
0.44810734846272865
0.5073199505303745
0.5484678522202624
0.5274362341357733
0.5544947402970907
0.5329382506104269
0.5659058225637008
0.5460611701498517
0.531672384746527
0.5734236449900932
0.4786729799494889
0.4800520896071324
0.47590068315104544
0.5081378260794503
0.5857994044964575
0.39939566580515107
0.4244861527628523
0.3850832437289992
0.47509344957583477
0.31199675973782504
0.40073189437849566
0.453601331017845
0.404113351268239
0.3688965114448857
0.4073006458497651
0.3335646681688862
0.27684293914752073
0.24572776473533925
1.0041790775704262
1.0117623070018826
0.8373764751130411
0.6903871345926537
0.802706094308389
0.7414630857438383
0.8002371444055298
0.6711969624489962
0.6243963113365902
0.6416519081366119
0.4904100383965797
0.646471961739933
0.5371356232646334
0.5654932164268032
0.5313957145029214
0.5289074425874284
0.6226326921556943
0.6764134998124968
0.6050251784707683
0.5974408676943238
0.5858666614996142
0.544974644706421
0.5544973761736718
0.5568503051438336
0.6534984746661103
0.608300195288569
0.5633871856652906
0.5713728744869163
0.5361095823210626
0.6829055611049276
0.6602037477200509
0.6060072151727491
0.5330203817299001
0.6285153315175357
0.49521866801054215
0.5058103748093365
0.6444704622964578
0.49052360147945057
0.5509876229750191
0.4640494966848514
0.5044948052786551
0.4743045988521295
0.6008220164192569
0.4972901960019363
0.4855025097972041
0.5564261521584173
0.5686291887099386
0.5420273803739842
0.48500731848221873
0.539599675331442
1.770836791893949
1.0446231035004967
0.905150074851132
0.8475797777127185
0.7143100604323626
0.7058085869369538
0.5292763886060341
0.519956819533782
0.5074167102911499
0.4882667794421897
0.4568689911580344
0.49692585825611707
0.32743402115215253
0.3758182374705708
0.38264120915777355
0.3292413083514693
0.40335312391811284
0.3754622172948882
0.3673612758999406
0.29199660105470765
0.25922350596249816
0.255686626729977
0.25905636537778504
0.24456502807152647
0.2575848056554832
0.18779383120187357
0.2207537535625266
0.26526096250579045
0.12957783840951628
0.1703414093868196
0.18191870792850037
0.08781193756420576
0.18917260421780877
0.1782039118777522
0.11945034335717854
0.15389604465956055
0.17846544185087804
0.10160634007162894
0.19203944016724858
0.14239187335966355
0.1236849534013263
0.12394933625699198
0.12263584058263201
0.11110178025648887
0.16021752879138762
0.12150144356279906
0.10040135926861357
0.06611607586291983
0.1258457902259324
0.08800853690274014
1.0316591434996631
0.9363232750595191
0.8060668556180397
0.7834767922264539
0.6879273420860896
0.6870580215816608
0.5601619375105875
0.6127222034199066
0.5689466235330198
0.5358211660186113
0.6009826483670118
0.5461879755991902
0.590144270635109
0.4774181262209736
0.5814521616254924
0.5001714392735537
0.5139866178928674
0.584500273030539
0.41494354985744436
0.490239502044086
0.5150970532806989
0.4318059011831189
0.5500875012495331
0.4688498771518295
0.5015790273715011
0.47778458451054406
0.4470836311649461
0.39053521719748496
0.443616547847558
0.3986940824396072
0.31026853776744084
0.38388752029088574
0.3571960318176657
0.2658060942035546
0.46000871241219393
0.3612072894549226
0.3754228661622041
0.49166938469056143
0.33882978473349756
0.3576476137440491
0.41124980110162646
0.38035603457885514
0.3059656366096589
0.35805140128361856
0.3765435613879953
0.27910710054799986
0.40505850657155973
0.4039456740510497
0.2399401898174562
0.28151982488459226
1.7489088315623036
1.314385601141251
0.9760933840984181
0.9307830093272901
0.866822994885392
0.9159908380454957
0.8314944919915206
0.789408362844211
0.7347599438022236
0.7461050863168834
0.7053060402808264
0.7617943262668944
0.6690222729099367
0.6171192524346958
0.6741770460328709
0.6829480750610898
0.5642625257207573
0.5517124799088146
0.6632686115622788
0.5963377890772706
0.6368041939451442
0.5218397443128701
0.5712040978619553
0.6017361846038556
0.5189659355580185
0.6225457559193562
0.6344607584112647
0.6426110088928019
0.5733150172302169
0.5935248557188619
0.5571618091466861
0.6494533925054594
0.6332907430356496
0.5307694760274785
0.6944457281850329
0.5573276959079353
0.4668317755399904
0.6088926131441222
0.5809933405533123
0.5072109059110158
0.542979227685954
0.5699823353513872
0.5768479442615785
0.6413803554288688
0.5319484882265069
0.6026828104570163
0.5910295271154422
0.5331033172355961
0.6575177074234769
0.4561792003901551
1.993640736864136
1.0537084420838108
0.9958098215623294
0.9755006480820948
0.8473738396874522
0.9202432678462139
0.8337509144433488
0.7894728633787608
0.7001049820236581
0.8356996583352561
0.8006592336545206
0.8053622793054552
0.7718133436680826
0.699022910177056
0.6256682443345416
0.6354034491904705
0.6542471667373786
0.5247758694723638
0.5807796108714851
0.6281015689817867
0.45775765216547676
0.544714523998691
0.4175741054177821
0.35347924317492235
0.41385535540027063
0.38930979156878237
0.36047317111718086
0.26735334932236604
0.21913147849293452
0.25058596033131986
0.22156188895821466
0.24147042589765114
0.259251304700998
0.20288348330376638
0.19234587894574376
0.19499728275302453
0.20123328899277707
0.1259185322511884
0.1264945847047334
0.12381167676641266
0.18203243791251522
0.1309471448525557
0.13268888805158538
0.1522075436248436
0.09910354227427053
0.15446417316806024
0.12310283815660208
0.12070739995542727
0.09722536034235305
0.07884246656360382
2.0000241108274723
1.1166365506389033
0.8083884724612505
0.6822499947901629
0.7117137854228934
0.7682008779864189
0.6694110340775355
0.76050612351412
0.5542884586683089
0.6732326401636094
0.6284434526816974
0.5546725695156236
0.5713674658785637
0.5316595202340707
0.5007311475918399
0.5107587218517735
0.3852295834077081
0.4280475211198075
0.45621552058664
0.4607805000917316
0.35794818802740863
0.38466752435627005
0.3410523429272348
0.3678565695915447
0.28788731051000754
0.30088580329356174
0.3010474730103889
0.28248971487018987
0.2505528472990795
0.2786095975674749
0.16930768191159756
0.18002621778370298
0.2519144593045659
0.21474874399950153
0.18493028550157475
0.1700433455060948
0.19430430179420216
0.14317991625011955
0.12087079886236632
0.08738549446130463
0.1380101275727993
0.10756160139520028
0.1521933663124511
0.10217206532102158
0.1044267707783754
0.17852667920479548
0.13449229503762503
0.0894746928024722
0.05573348635692674
0.14304805909301976
0.3293167033883856
1.352609833362865
0.9136789087171295
0.6939308841019467
0.8403147512079423
0.713078433931933
0.6276200988232091
0.6475492708185524
0.631016249188785
0.5870419329690081
0.5294772607742994
0.44173295338097085
0.4477250559774497
0.5142867441688346
0.4816705474948918
0.4537064404336576
0.5149586722484849
0.4668711775336525
0.44994208003100433
0.4674597382138934
0.39978429564504414
0.38203945779447784
0.5064523801718607
0.41207324512910093
0.34877246876369844
0.3716238269933109
0.4606259863596097
0.3799423456910428
0.3566127425183928
0.3898217812696961
0.3550418667908813
0.370869588277627
0.38519580418690824
0.33768385181866295
0.3384965250262498
0.41076796227550666
0.35968141212260607
0.48460255005016784
0.33984148405656056
0.3158792330830859
0.4210497872283511
0.28764933116075264
0.39776465464870275
0.429626115815204
0.21726241133393276
0.3281333634847756
0.34574777451230987
0.3457873735763959
0.3063156222117059
0.40020501600836406
1.007302494591782
1.147607862886835
0.6545490648595451
0.6129642894507765
0.6791874898374413
0.5817212648533079
0.4937704408680389
0.6097643549340944
0.3997988805097433
0.46048206274953396
0.33045174144145906
0.2962937294308329
0.33543024591585835
0.27954201438956217
0.2859545195031397
0.2821677416769326
0.27053222399466004
0.18398934256939992
0.29883769961988427
0.19891431235381105
0.24675813451439577
0.30274164355266353
0.2055262469016634
0.34336671169806293
0.1899752616601105
0.19215073017722406
0.20587995371079731
0.21550602768259539
0.17788982919009588
0.18940874417675552
0.11514314775476145
0.1395951066674549
0.1913123477660184
0.15824071714342478
0.08760748259897097
0.1397089670778423
0.1587391266336654
0.14898115827044373
0.10828555675088149
0.16812239538295562
0.09195702346079154
0.09105200676864261
0.11029846597018858
0.11333502600657894
0.0762812922253111
0.10784323185740209
0.1477742972671164
0.10872759378465703
0.09632375060541516
0.08790352897117504
0.15132754557005168
1.0476786972325693
0.8462545662045342
0.8382901140220612
0.82665993394524
0.7376227575113351
0.6691012542112549
0.6382223393559194
0.6016380395376943
0.609143798808009
0.571171295452295
0.5152239727015987
0.5286645571223757
0.49454180644173584
0.45543988885771136
0.5503258059452173
0.507526256400852
0.34359567981377587
0.3764759292398143
0.4220797511568031
0.46804733553432143
0.4599070958727293
0.3189928740045592
0.4351869508554085
0.4211177461433634
0.3702621355127561
0.43382725513506765
0.35957541772156015
0.31234343007221027
0.3215159833339743
0.39785591040191043
0.4064378803859742
0.3730281229313882
0.31700695967697823
0.36604579523739017
0.4481074960664769
0.35161966119959187
0.3323211736813847
0.3077031945351896
0.29301927137539213
0.32405652695228343
0.3479700163583284
0.3517415994400719
0.3455883223985945
0.3667957931289131
0.3149511610389538
0.3092564505758944
0.2949075017971602
0.2709310019051355
0.308495964510896
0.004173650826507358
1.3139039276893474
0.7644065219465603
0.7156271674044323
0.6052213733796118
0.532425038015446
0.5431615187158065
0.4410729076421172
0.36674654887859165
0.37937881898423065
0.29924855366597614
0.33162572529551165
0.3285297091391925
0.2876956445970535
0.19815518367376034
0.27851471147628293
0.2974768403565965
0.26401235418958563
0.22112482075978993
0.18808264883326853
0.17808855875096807
0.2964060208800047
0.17874870885043515
0.15061113112975602
0.22238102183332092
0.19692396532041323
0.18549433676194949
0.20540639771822053
0.18681976764177485
0.1581708789322218
0.12924971601512256
0.1512665500100427
0.11930057545177407
0.17482945137287595
0.12247110740007021
0.08582601376063051
0.15664281365193725
0.11922943789090723
0.1667152526473481
0.08793460392831327
0.16063657651712976
0.15234046253060143
0.13058085982984965
0.05667991531333165
0.10260437128470874
0.08851744938336756
0.12033926257033839
0.12335519075510401
0.07874166924188093
0.0966439869542148
3.556907545536117
1.17717264185791
0.8861990011991386
0.8778843883841848
0.8237847728370775
0.7748723119099873
0.8845801677618996
0.7619586731333879
0.7091953997652438
0.7420141326058863
0.6856065324672678
0.697725989597878
0.6392193156091206
0.6452662910072207
0.6620029414808668
0.5176676921558905
0.6371110213054338
0.6694253962234537
0.5537911933590892
0.6313865095911664
0.5610126333171938
0.5944076245062841
0.4992679357771403
0.4638540053598546
0.4890829530302176
0.49259665474931474
0.46643543305539714
0.5474272752069603
0.45120602147719624
0.5777574058163482
0.5033923924406402
0.43671609527802174
0.45422876447359
0.40409114304106536
0.39719623249795233
0.3612148911619169
0.35896290216943355
0.45625024011111043
0.3939216985456875
0.40648995425746703
0.44159604313591055
0.4185599154920257
0.4187385718697624
0.3833374937746843
0.35000459119850846
0.4015618076660832
0.2830170284036708
0.3509738874317982
0.40924806174793055
0.43858412214270986
2.8763997393854535
2.05014765801179
1.8228863195115639
1.461364946360808
1.1274779795752359
1.1349440601313905
0.9710777172366056
1.1701399832910426
1.1083712850176273
0.9880657357257803
0.8601116002280748
0.4593782011314905
0.5426525426729072
0.3160131747221402
0.3221507602828503
0.16041399125722808
0.22975718206770562
0.28247877631761115
0.3070231827682098
0.18071970254551561
0.20683909878694262
0.3429249733187152
0.1981603289856978
0.258734301384693
0.29802227257689134
0.19391722489906735
0.22431875624133307
0.1840301058532254
0.2720075745116793
0.14683248383421776
0.13747769189513848
0.19890282381016341
0.13845558280928824
0.18311666774430393
0.1048536810976457
0.1398372989580283
0.13757689747275442
0.1435939109521842
0.14533082686421855
0.11689921324001018
0.10165723756085358
0.13898422399716082
0.10942787216196423
0.156588568324088
0.06356666282382567
0.1486929726126159
0.07114282658165345
0.11666894841237296
0.144900164465402
0.13119280345344098
1.7270475535773482
1.4247538190774662
0.9800062827605772
0.952895566440023
0.8967301554064577
0.8103217348178275
0.8252528863229752
0.9029625120524016
0.765266876830104
0.7698172659136578
0.7630622117557954
0.8559157352515198
0.7168031181517206
0.6494944506189814
0.6792315685340818
0.5714212499317026
0.6342511130968549
0.5464164064525927
0.6188927804314015
0.6409225114858117
0.644519910768006
0.6052766473479294
0.5772975238793042
0.5353557346070759
0.5411173986730883
0.6042568830735793
0.47228639970251346
0.6091056379421523
0.463034794794848
0.5493205476691567
0.4550875043603182
0.5204286866033002
0.5314597700145728
0.5650813841247324
0.5610382412669301
0.5367062123603992
0.5490280671892438
0.5316507801653707
0.5685364535158821
0.5415563680023756
0.5185402538333824
0.5612722445246648
0.6264407773037248
0.5146232727715808
0.5225848898973462
0.5276681864143555
0.4398563056484284
0.6031945338898599
0.44595906433901944
0.4779218660576274
1.9936757786204513
1.0926853707986586
0.8432573946930713
0.7412193006971664
0.7966699767123008
0.8334597362508288
0.7042452581556254
0.5407875870805099
0.46959316174966653
0.38180681414671874
0.46125146620153373
0.3318513512825278
0.40026852773308363
0.40445384112437344
0.39996128692769395
0.27416559521113054
0.3344731103191385
0.3215591292227621
0.2375241412774036
0.3035964076173322
0.22033337905248168
0.2695669438542335
0.23099442229098105
0.24422400339573763
0.2409730535739498
0.15221522488933859
0.21966182217718722
0.24820162021382092
0.19525036731010903
0.1429890283499562
0.13843902018293205
0.17051322792337908
0.24272337136064198
0.17843053771332482
0.15088182901588165
0.11562209759454312
0.14914396181621759
0.14584005160190047
0.1813258041281489
0.14424855083422186
0.1531505724308183
0.10809241285331592
0.10450296644442927
0.12979357274758557
0.14438332290985514
0.129743751059575
0.13519801247321606
0.06260915235751624
0.07171308071211381
0.07599888603762857
1.7622191969903658
1.0260640777031282
0.8573479295481584
0.7985974877678576
0.6828203774565282
0.7791601497049512
0.7846974802319031
0.45119749883402965
0.5291390840957142
0.5163082939953393
0.4860246467542197
0.42924325681791964
0.4354570552965215
0.3526831644328163
0.24804704420765955
0.2240793094324552
0.20444108199647767
0.18553993906809754
0.18819262981705864
0.2293203000535974
0.2333004953581074
0.15704479323742518
0.18787170033005726
0.21470466239517388
0.11506465465174212
0.1929600666280444
0.13056903025099212
0.13217025754941433
0.1594274655776707
0.130668690204288
0.13032565978262411
0.12429472269804774
0.07569884033630245
0.11526508547899454
0.1955182629024694
0.13660880542599924
0.1385607891892721
0.06268248599285493
0.12605467679891094
0.1511612759848368
0.06545329884272577
0.11646890102167638
0.057685129362031434
0.12446119125549186
0.09248679377796375
0.11068393318625418
0.07901436658732011
0.15405797792930698
0.07443193800791567
0.08290734270292441
4.338619664580311E-4
1.0763913200407138
0.8321477985450165
0.7770819992894903
0.649589936014101
0.6881399130718918
0.6876957099429556
0.7294711729391598
0.6429033113446263
0.6652174915005857
0.6211566877099917
0.5352454313812046
0.5294068466241763
0.5974758409789285
0.4639691314251102
0.46155584579384773
0.4886321900481947
0.43658328014859493
0.37828315646062377
0.4419656403994604
0.4372663852022838
0.38335181808743285
0.4203708150696038
0.34489868942829566
0.4209047574293564
0.3604676049580451
0.3481462338485026
0.4056640512431036
0.35269200332154815
0.29975563760508506
0.38493556575769744
0.262317668582713
0.3610863766988772
0.3831940177224572
0.4346750255400028
0.4380244496458615
0.35443999403642956
0.31126380449714913
0.36834613273343164
0.3205083572568466
0.290495198454991
0.36364272811489473
0.3398166807667895
0.37962298987177234
0.39509473146015034
0.326818873725836
0.3278710806877064
0.38112847453567933
0.3715775123482704
0.29520403509333787
2.4939199688714466
1.0910089772549059
0.89136592504429
0.7796005973066431
0.6578072845684596
0.5807818477944737
0.5588867429530814
0.6212609165074281
0.6018409503750852
0.5655117006339659
0.43966079930552276
0.5246333067807263
0.4504132001424839
0.3780460397366774
0.3618924267606053
0.40608107516726555
0.39635255239753886
0.3973451360132982
0.42222010646056135
0.4194112629412599
0.4532760513281848
0.3278494940642016
0.3492092953917054
0.2694530759168255
0.2668724014265464
0.27183249106979285
0.19994928190243802
0.27175767681802365
0.15871981889889472
0.21102090069782858
0.1463484864315752
0.16151247009177555
0.14477749924456643
0.17529627614232404
0.12395147600508326
0.16964883217637244
0.14262640515079983
0.0855122974137792
0.10246952057858133
0.11455409144215664
0.05504623077718145
0.1585117227728816
0.08454690055103439
0.11513350384960053
0.09273167111996539
0.05438112891963849
0.09427117986379682
0.10763373014732153
0.046181727672492505
0.13579070711213367
1.5147693187741706
1.1521621706412
1.0236083635110262
0.8718763703028379
0.8628910944741897
0.7663894627261834
0.8588507436367624
0.7818240396024478
0.6951880675345461
0.6517893550559855
0.6757811327753964
0.5162480038746873
0.5889503409680938
0.5100039784948536
0.4883263715153811
0.37069656986574584
0.3619355626286799
0.26772110643895014
0.30299383459013834
0.31630640116507075
0.2869198191649482
0.2008135875672728
0.2676528503281229
0.2658791743129806
0.23269777642921918
0.2606276199090134
0.1353604410388442
0.16435837675600556
0.15781106025515096
0.15918198052422824
0.23262757442675489
0.10651736503674884
0.14243534688190007
0.1177269266739382
0.16533055771994515
0.12901001781538934
0.12381826251113326
0.05962290651376557
0.09592458926316555
0.15804653364803006
0.06810577123179111
0.08510862898437316
0.05832635463909051
0.1255391390162976
0.06826113919180604
0.10797517014399788
0.1696514516179614
0.11162167479405599
0.11181110727570821
0.089036764912554
1.4360533823284376
0.9871330311929529
0.8148047157261529
0.7833811392646167
0.5614982812288808
0.6056284762620091
0.504918151774727
0.6408470086750677
0.5092191743411942
0.62084695709672
0.5253688757178991
0.45882473691188436
0.6164936246897725
0.516812729862463
0.48312367828067393
0.49955167854164934
0.46897681273554426
0.49912433771509335
0.4786931522125386
0.42759633798172236
0.31149912145118397
0.4480573270501311
0.3846787154584279
0.3843500349645143
0.3410759132505301
0.3898454496089417
0.27822212051095485
0.3898267430639569
0.3242126984812341
0.2503860124851823
0.28334492903641745
0.23700181955270444
0.20229853778017137
0.24848491572328352
0.2779264605908525
0.19429462646490714
0.25921044910078417
0.24891665584100547
0.1928022483721984
0.19046263160271895
0.1738816341138322
0.16743346404786869
0.18513540751592064
0.1950275134373985
0.19934143563705423
0.17524293432863935
0.15782282606215275
0.15577858060513805
0.11738462961584911
0.1336017333331276
1.8616256045647983
0.9917010195041973
0.7254815678130616
0.5180527090081509
0.49384858534936016
0.42424443890031993
0.4449103946252882
0.35712344554851955
0.32266728888656876
0.2981731319513587
0.22151367072535535
0.26193349134114585
0.30142551073396406
0.2517435032361308
0.30204399588675573
0.16841159771802303
0.23167822729878107
0.2614936280782337
0.11388516891900355
0.20911290552509987
0.08361186088461388
0.11887356287781486
0.1675305915968159
0.12363293885231644
0.14867433931353183
0.11894174176298851
0.15272886571493757
0.1955075470806931
0.1629593644655828
0.1260963388321111
0.20658773419384854
0.16593806083959073
0.10296044031820731
0.11152539519085708
0.120998523048119
0.17655933245905842
0.19631456327632896
0.09231267443082285
0.11339308426764588
0.11280202860209591
0.09929281861759576
0.10736765927459474
0.16386005536644352
0.11906493945292304
0.10218796190472586
0.11596357387059177
0.10227316381002949
0.10045404059960512
0.09220750590695939
0.04696157026104524
1.50044855933041
1.4901216408740905
1.4222764679097852
1.1551838700205226
1.0492588691074827
0.6551529804747748
0.5501199476995614
0.4424021048943294
0.4187447037949963
0.4081658467879473
0.4541611546269256
0.34800331834614384
0.4087496080563318
0.3251346356272694
0.42823632361700276
0.4329233278835386
0.37255071599049233
0.3231199006979255
0.32632049371796656
0.3324055121990638
0.28897666417113094
0.3363925971708296
0.3097881024602953
0.2775952605244523
0.37657978982621687
0.3278457343680297
0.3751900510971194
0.3712471823387897
0.36040076415578703
0.37396932629725926
0.29647562037042996
0.2666424043116027
0.31528259565403394
0.3537178841625198
0.3665021935666467
0.4283976506048873
0.35239503629205005
0.3400941882657553
0.27666805009662937
0.2830601383877852
0.2661041139829263
0.3442785041336821
0.32338414641589586
0.3065816954500752
0.19920012270109602
0.2564915576800486
0.2874978184784062
0.31762784973965486
0.2634698307768693
0.3540287579802184
2.224236624883144
1.0418308397791172
0.9136199023257305
0.6657756828156406
0.6539700955596014
0.6474993889973771
0.6307011078300949
0.5295342617527191
0.443025443902316
0.4137449038014291
0.4008401508487611
0.4195803254625962
0.4489634468920338
0.2700118440028856
0.2633448989853802
0.22273409019342885
0.2604156325869365
0.21535139199988243
0.24565453511755792
0.30285230001985836
0.2747178022374295
0.1469902063059907
0.2987632660811711
0.2288739236927409
0.18381411160129624
0.23371818859850954
0.18907579841346725
0.22255851712851066
0.17051673614152374
0.22877319046876882
0.1792373396151393
0.15922698030615207
0.14060768919946698
0.12391450244448773
0.12350126744950148
0.1742296739585327
0.10714169879035708
0.07080892301580133
0.09796410441300127
0.20716502786124585
0.11919041427232573
0.09954122775304727
0.11981367350390419
0.06598678544984234
0.10932066716234308
0.1531941283486674
0.12438255049185917
0.12269610184775152
0.09702609343136256
0.13002324702540774
1.8670595616433698
1.0332298152167987
0.9403900163881199
0.9330123124587933
0.870694957662936
0.7864621095744349
0.741413784369482
0.8106593700204253
0.8055662415974845
0.7585535280597623
0.8420097404352193
0.750561576171689
0.6655125578289699
0.7529341733006158
0.7893007176138592
0.6707728387082317
0.7717876370097901
0.7195666596799518
0.8115010164285248
0.8156136452714989
0.7993482069846326
0.806657116762912
0.7361137465184169
0.7725659713960839
0.6854628495697324
0.7158762433897081
0.7036654142493569
0.6736710540532997
0.6255867211560353
0.6042862756703968
0.6880689290564008
0.6415440133560466
0.6432297188175029
0.6605470016099001
0.641674839455946
0.5901673817535037
0.5947266761553411
0.5721577297264261
0.610932217948884
0.5638540256813485
0.6079129921845098
0.6079570718108948
0.6086590081329238
0.602322271216303
0.49703893270440314
0.5344424561492979
0.5246810861759951
0.6475540299565996
0.5613584279509224
0.4946041827365654
2.296392875356438
1.1268328468338173
0.8742447770866119
0.8575141061101149
0.7837615184641302
0.7233986400047279
0.667196889263115
0.7437103211411035
0.705186518917601
0.6130112641828024
0.6089154348733211
0.6537236379017735
0.582673211139722
0.6694566276027283
0.6991788720825035
0.5223151883337799
0.5767341544852674
0.563192585200859
0.41750559859604075
0.5461241130390037
0.47469727522213295
0.4979365791428802
0.46385207044454885
0.4780041819644184
0.5014638873344098
0.44864850165980985
0.5293906448830243
0.45715127487501644
0.43767380885306145
0.3904715887224041
0.3836269116952748
0.5156181193514723
0.4263132528962433
0.3927647285321351
0.37937708707369994
0.4367118655722208
0.40299052369348215
0.39350208931178726
0.43428296618364826
0.35890587690877196
0.36404170380258605
0.32431273284363293
0.42948929576537337
0.32424915222449996
0.3372530116935163
0.30394300509033206
0.36011858187740464
0.3916163953860496
0.32133343387762886
0.29352973545586325
1.9941825515587839
1.3002477534178716
0.9430592421225817
0.8339629307007472
0.7719632318526851
0.7295196023786648
0.6140089633879748
0.585939129609287
0.6117368702091261
0.5561797840288853
0.48214864726592
0.45288391375984133
0.5799422876844333
0.44458895924261205
0.38421032994928117
0.42919709794543853
0.37365237816399094
0.33060937073142865
0.3039438964494947
0.3831426754625235
0.28415371670958905
0.2346395561173999
0.20631912993078952
0.26307617411219447
0.17209199943037473
0.18366616887910658
0.17498393153936792
0.13246325034701148
0.2003445738163521
0.22646456766512923
0.21473501899479774
0.17032196046552794
0.21076196927314828
0.17056910151832191
0.2410792864311988
0.13494809000446908
0.20237636662900918
0.15248590500501716
0.11588185457813326
0.13995929763298834
0.09429435114641282
0.17716205993674822
0.17738285440518012
0.06386508652681824
0.11010365965046008
0.11385398932031297
0.09305728260667319
0.12894213403002772
0.12103490698083234
0.13890041389812155
2.968130370132238
1.5415285763726732
1.4729072634410698
1.3240102336464536
0.7514733588110937
0.6448979707066317
0.6164121053105578
0.48116265076470893
0.5308529802961717
0.5244506581561723
0.4785629996780679
0.4590128747131985
0.4248168378019191
0.47133526592919645
0.3741930608302003
0.4251283703288247
0.4881165904233832
0.3631662755845241
0.3606872976124629
0.470805651448695
0.4535745874325098
0.4238630285670569
0.3603162877347756
0.36718572841613656
0.2990153940971277
0.37539718208688205
0.3191894505960489
0.2955046513527834
0.31357488707071024
0.25410153643117467
0.3286680516807933
0.3327199018833574
0.32783150341721373
0.42564445271947315
0.3250670360733794
0.28995438292283454
0.393885589466718
0.3311038356798461
0.3262857626572334
0.3121215183564937
0.33834135622725897
0.2595246815720546
0.3063958699758565
0.3261415222813169
0.3144158513250237
0.30763231262830504
0.27453775357342863
0.33517806308413467
0.2970021798756638
0.36066436315010686
